8925
1783
340
123
9961
2027
8958
7325
8031
108
1970
1677
2883
156
4552
2908
5969
7209
686
7121
7343
5622
7089
4762
8126
4471
2857
1709
9987
8044
8879
7533
7404
437
1547
1496
6849
3716
7038
2397
121
7167
1144
8683
7046
5028
9223
8500
8062
136
8974
896
1927
5880
3133
6526
3550
5249
6531
4549
7587
1050
9868
9689
2757
4799
1048
8362
6278
601
7083
7958
9370
184
4314
8734
8369
3762
2904
6853
6127
3317
9933
709
6357
2361
9008
9468
7213
2914
4689
772
5863
7473
8470
5489
1083
7625
3647
771
9594
7199
6008
1195
4966
3834
3627
1929
5594
7850
9631
1444
5479
3302
8657
7748
8429
4189
109
8393
8402
4606
4393
3486
7122
7763
9038
8615
2259
3592
1892
5176
3155
1258
7193
5280
5280
9722
9374
6658
5748
112
4462
1140
2492
6445
636
448
6995
6361
9528
2968
5071
3850
637
8262
9080
2278
5690
8962
4736
6048
587
6396
3764
9790
6243
3513
5965
379
7624
6075
5955
552
2908
5193
8447
7982
4259
4478
4427
479
2566
4253
521
5226
5202
5362
4973
3148
8861
5843
6551
6436
7256
9061
9905
6447
458
4635
6001
3970
8510
6937
9131
5239
1210
4856
5927
4558
9226
2290
4842
580
3978
6012
9876
4689
5181
4404
9413
8459
1196
4287
6252
5512
5918
8149
5998
6529
6672
1945
127
9075
8626
7456
8225
2047
3102
9667
614
528
9317
3504
1667
2908
2616
9802
83
2388
176
5200
1940
8662
682
5963
7331
6418
467
5489
1503
7113
6331
4407
44
3009
313
4676
6231
1445
9435
4016
1041
6777
7304
9451
9210
5243
4341
5786
8907
3830
6480
3740
2543
6112
284
3995
5151
3059
6761
1453
8585
4681
5279
9802
9292
9280
3415
5464
5571
237
7798
1075
8219
6957
7863
4776
4515
8550
436
7328
7311
844
1681
6090
5817
1439
4949
5249
1973
4946
9861
9213
6382
8822
9023
1749
4194
8581
6496
7026
4184
7771
5010
5246
9689
8127
9110
4267
2274
3455
2538
369
2724
8057
4487
7583
3574
5734
8633
4627
4600
8272
4444
2308
9252
1669
15
5948
2947
5268
4184
9140
4634
9699
2436
4695
6159
5043
2825
3912
4619
9995
8474
224
5694
1186
4982
735
6778
521
7885
3172
7293
7924
1296
2887
3502
6920
1220
2996
9955
1024
4098
6994
2637
5834
2287
497
7969
1678
6259
8131
7491
1375
8264
9521
3777
3418
913
7502
649
7195
9908
6424
1768
8559
6998
7850
7152
4740
1697
5135
6421
3069
3428
1026
2245
3922
3911
8705
2386
6388
3450
5823
8365
4509
4681
2744
8816
9958
9134
9455
1799
1410
1779
5652
9884
3784
3330
9313
79
1646
6843
7571
8078
6032
1441
8294
454
5632
6737
3497
1542
9720
7984
8817
557
1067
4912
5434
7808
793
7407
4999
5705
9761
2381
9322
9774
5345
5271
1216
4349
8024
389
9252
9986
8237
9884
4643
9413
217
3072
5135
4035
2223
8234
6557
9703
8811
7602
9994
8100
7848
8794
6266
7281
1420
4422
1105
882
3246
9675
9178
3184
4296
4835
1044
7652
5303
266
3677
5221
3215
2969
759
7163
6780
1213
2247
8703
4387
6530
2636
5233
5894
2753
8588
1669
2887
9299
7162
2572
3876
4417
6628
106
2128
4586
425
7929
2755
8896
7464
7162
1895
3663
7283
2707
2707
3355
5106
1193
8293
8725
452
8763
2440
8697
1409
8120
518
9335
5515
7999
6470
3500
5122
2129
5926
3741
4630
7989
6884
2576
8775
3528
7494
7
793
9822
1674
1817
9748
7130
9415
9214
1511
725
3010
8278
1772
6926
5229
3687
1863
607
297
66
2568
5960
317
7665
4912
2315
6383
9231
7504
8691
7838
6771
9788
1473
2674
939
7887
5956
1740
8449
3192
2084
1063
6348
194
268
384
1622
3010
1298
1937
4405
7657
8116
744
1785
4537
3184
3991
3777
6037
9599
549
8426
8705
9744
3298
1924
824
2829
1575
6243
9084
1820
6828
3359
9111
9748
99
2296
9457
8346
1521
5291
3963
7239
877
4297
8023
4695
2689
6218
5291
689
8254
7005
4218
9278
1932
3914
1554
1480
9662
1207
9525
2240
4420
9267
9119
3388
6138
6370
7350
2459
8126
8198
4704
3030
9471
4214
1406
9350
9072
9454
5797
1052
6268
2050
2765
7712
852
9344
7651
7433
7428
353
7065
2213
9763
6172
2381
1879
4409
4120
6087
6347
4123
7659
2716
5494
9585
9667
2672
5342
9513
5792
4168
5427
7829
525
974
7066
5535
6105
8365
5156
4492
2310
7451
4991
3022
6797
3831
777
9924
9036
6088
7788
3276
5694
4741
4570
9017
6149
7955
182
5264
6694
2857
7452
715
8673
9887
3887
512
3995
2373
974
3020
698
5408
305
6553
1020
3999
6550
5951
1572
9516
4258
503
723
2669
3606
5786
4063
9642
7728
1288
3106
8682
5787
8852
3986
6694
5764
7676
664
6223
9913
9799
7599
6075
2688
3591
7291
7066
194
4462
5668
4822
8483
6189
7022
2761
6862
4024
7157
8362
6017
9573
9034
4911
9794
3411
3573
8486
6717
2071
4565
3422
203
3153
2476
3936
7024
7053
3744
3115
2129
8758
7183
3293
2832
549
6546
6413
9094
8439
5676
661
7692
6860
8400
2926
4582
5243
5341
4339
5181
1076
231
7751
8871
8654
4002
8227
196
3662
8093
1144
3720
2105
8761
4946
3584
1456
2245
4301
9171
5659
4984
4081
2039
6161
4201
4601
6284
7762
8414
1314
9113
9191
1360
7343
4177
6018
8295
5017
2673
9007
3447
9923
7370
3020
7543
8203
2389
565
3609
5725
2936
7671
4315
625
3395
4455
3785
8997
4119
203
5421
1478
1924
2693
9893
9335
8205
5617
8174
9412
9019
3460
7378
1377
7706
211
2012
4315
1124
198
3844
8624
5640
1329
6539
5050
7399
8642
7236
582
6347
3226
7533
2851
3652
8818
6538
8822
8048
7119
5164
1611
2805
8079
1618
9109
9582
515
6284
3798
1249
4871
1976
3851
2809
2652
4268
2367
7253
5911
4590
1760
2876
2067
8803
430
2011
4945
1874
1199
924
2336
3476
2255
7748
1383
5835
6741
1754
1086
700
9521
1135
9005
106
114
4062
5308
3457
4628
1602
3306
7227
9638
9182
3914
1362
6665
7869
5015
9731
2453
471
3848
1323
5286
4188
9742
5681
7747
7248
6346
8096
719
2371
203
6671
4120
7388
4021
654
4349
7713
7118
3375
9933
406
3779
9919
138
6959
2295
3024
7325
8852
5003
7732
7267
5312
1352
7624
7812
9541
2825
5562
3796
4977
614
249
1395
3669
5676
312
5327
1799
7832
8734
9577
2294
818
9005
981
5877
4790
1868
3643
7335
7581
3171
682
3445
1130
2643
3276
3534
4305
7168
3109
780
6434
6557
4053
5999
4531
466
9149
6536
5835
6747
926
4084
6923
2096
8140
2691
5239
5917
8178
2692
1778
141
5472
9599
2824
2120
2911
9630
1076
4998
292
8281
5618
1518
3843
4908
5007
2000
987
999
5388
5756
3983
8227
5762
3613
5157
9004
3759
7205
4087
9231
8318
4869
7240
8497
1109
7177
6864
2617
8680
7503
56
7563
5498
354
2145
9202
9652
9927
142
5225
7598
8499
9154
4887
6667
9143
4260
9333
4129
7225
6223
3132
4773
4512
4646
7936
7253
3868
7860
1763
4415
9823
5330
343
8608
9788
8882
9060
8198
3787
2568
6242
8822
6741
713
2212
3690
3954
6139
1121
8258
2621
9916
6064
5771
737
1710
9839
6654
1683
511
432
7791
7771
6183
2769
2997
4640
155
278
9097
8174
6399
485
2664
7303
6345
558
3971
7971
1696
8293
5926
645
7634
974
9301
8941
2821
4835
8993
1683
3013
2197
4282
4598
1740
1597
6175
5649
9376
4301
386
7798
1207
9576
9287
5915
8341
2490
6682
8910
406
7461
4719
5941
2631
9994
1365
4790
3598
8400
8388
7952
8586
116
9382
6149
8565
2990
9890
5332
8069
2219
2899
6439
7554
4236
6439
4374
8035
7674
7763
3894
7953
5653
5252
9793
3293
872
7680
3571
9997
1594
9931
5838
5777
3587
3126
3259
6644
1176
3121
2366
7342
9030
1185
3956
8534
7112
9549
4572
133
7076
642
1807
2246
824
3607
7997
8137
8220
2907
9557
3143
3236
9737
1761
4863
933
6925
652
4543
6081
5921
3873
8206
97
4753
8145
7814
8190
7309
7584
9344
7579
7212
477
7752
2003
9324
253
3263
586
7608
210
6174
1267
4099
8045
2168
8622
5217
2269
265
6219
2277
2850
8923
7872
4437
4643
6151
9122
7146
8824
7848
3203
323
6613
9291
3161
5080
6420
3154
455
2060
1086
6696
7434
7804
2837
7776
946
6837
2145
4118
571
1250
6885
2951
6231
6274
1677
4412
2041
9832
3655
6000
1217
1132
6667
6723
7663
6367
3352
424
6550
2252
7452
5833
94
1305
9647
3866
6198
2973
9021
939
3956
652
2142
8518
5066
9677
7460
3177
6327
4924
5424
1054
4023
7836
1522
1797
6313
9348
4939
9715
7179
8138
6752
7475
4115
3534
205
1035
6012
6605
5556
6890
9499
9941
5937
2446
8030
8520
5947
9794
6224
7098
5849
4644
4059
8437
4814
612
3402
9532
3682
9608
4938
8684
8463
3196
4301
862
3301
1591
8634
5945
4922
3050
132
9316
802
4641
4997
1001
5366
2956
9111
1557
4036
999
8111
7612
7779
820
823
7802
7233
5163
5287
9156
8572
6408
9567
7117
9513
5298
3331
9236
2004
5324
706
3419
8212
4148
4037
4418
2282
6489
9217
9394
2582
7562
4649
3958
8678
2682
1124
4435
4701
7519
2710
2504
8747
5833
3341
7984
7582
1280
2507
3556
6565
7510
1978
430
973
4923
8225
6713
3962
7968
5634
5668
2180
8099
9756
4981
4155
2969
6740
3306
8872
4009
1820
4746
4593
117
1069
9035
3848
6020
4966
3212
5490
6219
8848
3890
9855
8698
4541
9409
6283
7474
7533
3792
6944
4692
7709
8831
8821
149
60
8548
775
3693
2267
800
4946
799
8529
7457
8731
8339
6744
384
638
575
3047
2603
5248
8388
1261
2717
7104
4709
8279
7225
4735
9394
7582
4710
6776
4994
6960
5044
7581
4223
489
1741
9440
7243
910
934
3707
9649
6869
6996
8605
3095
1156
4220
8466
2239
1205
8403
717
4620
2147
1940
9828
5713
3557
9088
6889
3413
1987
3263
8256
3187
1609
3188
6177
62
3511
7391
604
5650
9746
8957
9620
6149
8827
5146
906
1341
4298
3990
8711
1243
1831
4436
5301
3396
308
9647
9883
7537
1610
2392
4307
7260
879
2555
5769
1899
2385
1200
5170
5193
4226
5277
1990
6783
3983
5880
7324
4114
447
4601
3665
5478
309
1470
7637
4817
6689
569
6482
1610
1001
8756
8409
4768
815
1061
1019
5766
5664
2828
129
6940
7545
5913
7576
5481
1637
9850
604
8756
6455
738
9264
2146
9857
7910
6584
1130
8959
1905
195
4373
5107
5239
7064
769
6798
3542
9339
6276
1175
8600
748
349
8651
8949
8221
4102
7681
6998
4302
1829
2184
8276
6887
9906
1904
8319
3585
852
3378
5690
9265
1780
6093
7876
7602
2723
6734
5041
8910
2887
2043
6727
841
7424
44
5685
5914
6825
8070
7069
9382
1051
7222
3459
4970
4235
9302
189
3573
1859
9039
1562
1377
9741
1419
9679
172
444
6357
8716
7703
9701
7632
5086
2090
4891
1712
7773
2145
4857
4969
3077
616
8807
5859
115
3086
432
4983
3605
873
9450
8424
3828
358
836
9104
7293
5707
8638
8582
8762
9771
914
713
928
4756
8192
1820
4018
57
7783
7470
2834
7991
2704
4340
919
551
3332
6806
9035
8463
7838
6323
6971
5636
1179
2001
2866
881
6318
9445
5471
1693
5648
9035
8562
2651
2277
307
2998
4835
8697
4808
8632
3321
2121
1950
2773
5159
8942
7591
4130
5820
8643
5523
3557
864
6552
3586
9697
9875
560
7158
8143
1825
85
9466
8967
436
1372
8425
638
6086
7730
9436
537
9968
3685
724
5280
6580
4527
3360
6078
5652
7277
5451
8805
9070
7855
6534
6878
6772
9144
5982
6478
5932
7204
9241
6564
3169
7561
2946
3727
3859
6646
9070
6076
1426
2889
4410
8748
1634
7933
4995
3780
5563
928
3954
2975
6848
3122
9170
7582
4762
4713
4975
640
5745
1250
8973
6028
2086
1746
2658
2843
3824
1034
2241
4339
9489
1657
5108
1773
2340
7115
6101
4632
3077
9967
6601
7719
6972
4279
921
9989
9624
1336
1567
8985
6613
4146
8169
852
7913
4473
5069
423
5408
3425
938
3778
5618
3128
4822
9159
1390
9022
9817
5853
3014
2592
5365
8353
3686
2209
8609
918
2722
5545
945
8109
5243
2168
9683
5472
7693
99
7160
2696
4360
4959
396
9022
2969
6044
7140
2126
4037
1272
4660
3816
7153
6661
5899
2929
5473
4932
3371
470
9227
6000
7560
7728
9367
6456
5037
6563
8342
2452
1749
9456
8283
3513
7869
3131
1610
8919
1251
1687
1868
6015
6490
9932
2732
8418
4990
6283
513
5733
318
3704
1256
5745
5979
2470
1150
8246
9499
609
8999
1248
3450
1493
4014
2946
302
9820
633
8542
4326
1476
8535
9286
1262
9950
2281
9229
3921
8995
5963
8983
8812
625
4478
5103
1259
2275
627
3351
2498
5919
5765
10
7530
8425
9604
6238
54
181
3578
1781
7873
2938
9131
7954
8630
9682
7710
3784
5658
9565
9106
5102
4538
629
8687
4335
8557
6748
3835
2430
8854
7521
4165
5559
7289
9730
1921
4209
8695
4907
3456
5359
824
5373
3404
4998
1603
9802
8557
7272
6989
7037
2203
5791
7740
8774
3616
453
5094
947
969
3088
2523
3674
2233
4539
11
8882
9674
8127
4262
1826
1089
1778
3759
2801
7084
7654
7196
9661
715
9425
9084
2119
3801
9468
3109
1931
2485
9461
5801
4317
4641
6000
4804
5135
9574
570
4005
3391
7586
9789
5654
2589
4799
6720
9866
6763
705
9558
4883
1101
9452
9287
2077
1583
1984
3211
3274
6870
1602
866
1338
9982
4648
161
6006
6291
5968
1144
9753
7132
1406
5359
1421
6561
8016
2605
5278
4045
2063
9275
1452
5886
1956
5229
1698
8457
5845
6784
7454
9995
411
3842
9917
11
1
282
3332
7035
1611
7976
269
4796
8528
9511
9340
8321
9174
2815
2493
1164
3337
935
7453
3957
4999
4616
8993
906
4299
3165
7366
7135
9476
1319
3126
102
1121
5180
7764
1098
9483
3327
7444
7829
1471
3339
1338
7906
1286
2873
349
7549
1987
8689
2600
4470
2249
2364
8573
2308
9607
7528
3830
8742
1616
9253
2041
244
235
7389
1623
9717
6644
8017
3954
3418
6829
7022
1769
1831
1109
1486
1793
882
7938
2314
8321
1316
5758
7389
6170
6508
7292
8116
1441
8675
5445
3826
43
5738
995
4704
3380
4463
3194
3650
9275
7551
6142
2740
8462
9685
4325
8419
8077
2912
8313
3816
9262
4003
6153
7951
9324
9670
7934
2054
5836
6634
422
1104
6863
2298
8190
4698
2189
1757
3680
4645
4084
9496
6838
2226
780
4207
6682
8700
